{
    "TimeScale": 1,
    "FixedTimeStep": 0.019999999552965164,
    "MaxTimeStep": 0.3333333432674408
}